2564074
4092065
7043924
7357916
8488079
15073199
18376846
19008763
23212018
27101203
27446069
29394376
30286964
34563770
36762183
37194251
37293015
38691605
41783401
41926317
43188248
45630527
50251750
50508977
54485130
54495590
57730350
58673381
60524860
60711094
60758629
61748124
63957553
65588887
67742845
83115472
83574146
83693972
86247177
87492742
87829054
91256283
91267165
92193524
97106309
100577317
100590017
101989130
102070449
103423660
103893562
104204218
107444179
108055987
110817552
112383899
112990074
112990467
113143624
114847518
114895480
118095089
119125269
120465442
121719913
121731426
122291618
123384820
125650200
126297031
133281479
134247738
134419575
136483965
136703201
137044450
138147097
138532621
138772851
138774373
138946849
140313392
141074105
142040239
143008354
145932537
146476968
146843575
148313445
149483335
150943403
150972065
152056350
153412821
153567029
155138083
155179431
155231393
159143735
163888795
163915147
163959663
164167102
166034113
166069376
166294789
166639221
170082711
172739078
173456210
173892494
174588700
175262136
175569327
181393876
182034096
182074681
182086386
182294412
182313422
182316005
183351378
186817090
186819539
187652431
187675176
189560942
190840272
193397848
194042544
194047817
195360437
196209563
197148004
197983429
197984184
198120610
200149545
202320653
202342056
205643765
210082100
210190851
210265961
212019168
212023140
212032271
212376094
212409485
214484794
214522270
214620408
214699631
216615842
217710288
217892153
223977359
224390625
224520903
224585954
225037544
225101724
225139855
226977372
227182253
227447008
229371742
229421217
229434965
230436755
231320084
231640124
231645438
232509664
238399378
239697517
242901948
244011399
245892785
245915430
246091026
246184307
246252010
247381238
247389480
247390185
247577219
248516230
248816555
250325241
250687561
250723029
251139035
251336894
255879349
257440045
257505870
257636310
257729988
260970188
260970659
261012111
261066699
262291504
262559851
263528598
263531983
263727995
263937277
264684050
264706449
265358563
265744855
265745069
265793143
265795175
266230924
266666545
267188789
268999593
269324178
269978485
270015821
270506111
273305626
273822510
274825538
279848453
283499837
283814421
283836705
285506197
286492900
286634948
286872802
286938788
288306655
289594556
296243694
296280624
298306931
298310655
298453210
298570890
300084662
300524516
301449307
302372311
303498057
303514614
303544863
304351735
304438444
305198857
306152157
309500944
310599514
310793183
311917437
313185453
314381430
314461365
315186759
315592806
315640811
317866073
318760427
319126822
319271028
324762873
328577151
330611166
330812923
331658376
332909122
334643313
335267976
337082576
337617537
339839373
340675375
343165414
343604009
343815798
343833850
344371250
345116014
345143278
347288933
362728352
363423241
363528762
363724294
364769180
364915571
366075210
366746126
366988331
368173592
369017842
370779811
372963625
375162953
377808967
378222960
378955146
378955817
380599953
383199581
383266204
383409971
383633083
384752763
385934127
385955396
387233236
388404595
389067517
389798549
389807278
397508799
397610547
397771729
404297297
419256253
420175123
422355055
425624663
434076302
434116335
434277203
434278254
434899314
435574871
435610503
435611295
435861443
436667008
436807895
437163477
437167443
437192687
437948893
438218364
438549232
438551532
455296677
455354041
455447772
455722299
455961752
456090487
456663578
456804945
456822898
456938256
457176444
457860307
458961829
459454866
459526028
460063762
460456447
461063193
461216023
463239138
463302990
463479026
463866461
464127394
464129868
464432617
464709788
464721832
464900478
465077150
465862190
466616152
466981233
469456884
469663509
469672745
469779524
469787032
470730184
472479748
472553581
472910221
472988605
476913197
476915476
476943962
478480642
478557921
478718138
478832251
478963770
479342891
480379241
481046362
481641331
481701473
482194468
483257070
483804667
483809916
483955184
484046081
484715763
485817209
486127052
490171037
492032887
492850026
493153480
494124731
496434029
498992995
498993367
499813466
499974437
499982369
500152393
500624497
502652699
502676609
503584687
504689517
505874331
506781245
507849570
508022454
508026063
509226528
510067291
510162444
510304646
510897922
511532286
512111020
512151399
513479339
513536581
514234226
516244941
516502260
516535199
517251672
517657510
519441673
519527187
519949588
525764623
526871305
526932832
526965431
527340986
530137917
531267973
531295327
531311583
531441216
534187552
536291566
536348345
538149132
538333138
539009838
542866234
543161265
543195729
543212139
544093472
544754341
546255006
546323009
546325407
546365221
546367889
546848210
547049019
551257570
551713631
551757158
552239423
552261507
557017117
563483401
564250289
565239945
565277677
566011942
568578309
568631040
568787619
569569190
569571579
570999224
571054396
574429131
576691180
577291932
579019114
579640981
579747642
580033752
580228341
581246235
581640511
582500933
582654242
582790966
583123511
583334236
583334601
583379194
595304946
595427774
598920063
599071995
599756292
599959453
600415363
600485751
600770526
600797975
601329062
601878834
603199244
607973313
609852676
609986636
609997623
610080981
610112327
610130646
610550980
611550318
612772067
614934172
616112395
616350130
617883202
620369421
620372877
620438158
626446283
626707655
627072488
628794397
629840089
633566258
633569938
633681917
633767603
634978922
635061392
635100086
635107402
635210470
635774165
635788492
635876788
635943404
636904755
637884523
638084110
638502899
639288258
646119837
646910246
646919302
647744724
647746362
651086942
651094872
651389826
651928998
653097594
653109118
653472683
653485926
655932694
656153628
656869638
656871623
657191148
657859852
657926653
662649637
662664380
663864645
664708779
