18.0924811363
125.135953903
178.325613976
6.6657500267
7.6915230751
14.5623021126
17.4005029202
50.9291889668
53.9147810936
4.47317004204
6.87164115906
8.38288617134
11.4915568829
12.8334600925
15.521723032
92.7304410934
96.1008810997
80.2341349125
83.2479190826
32.601444006
17.5666501522
27.5266230106
23.9543340206
14.8200080395
214.537619114
48.8849439621
5.94025802612
7.70497202873
9.18360614777
3.77542304993
3.95568203926
30.8008098602
129.077198982
4.27320981026
37.8322601318
5.10946106911
90.0980751514
59.0675771236
52.9675791264
33.0213589668
4.37767195702
48.5499901772
26.7344617844
37.3845140934
32.964315176
4.02564907074
8.18624591827
97.6521201134
106.819777012
4.73924684525
16.5454771519
116.737459898
28.400851965
4.78144001961
5.62129616737
189.089916945
7.11897110939
6.37336492538
95.5798351765
5.00149202347
4.21457505226
17.1145749092
5.80561208725
77.9241909981
5.17548108101
8.00762104988
7.01872611046
86.4790830612
47.8368310928
10.8994128704
227.816755056
29.6201109886
13.9541349411
8.41931605339
39.1241300106
8.61045598984
6.56151008606
47.7576830387
20.5125501156
23.617939949
100.077621937
6.6378390789
5.49616408348
67.3028671741
28.6648480892
18.2073130608
4.32144880295
56.8938000202
161.216685772
66.5056400299
135.426949024
30.628672123
82.639341116
5.70859217644
10.7611351013
8.63075518608
7.31871294975
77.6603269577
5.80495500565
4.52930188179
13.5149028301
53.993185997
14.3121979237
60.7004051208
16.7620220184
6.51165699959
31.9208180904
17.5110349655
209.224636078
84.778742075
7.50127911568
10.4112770557
10.9155058861
127.975249767
5.90344715118
10.4054059982
7.36423897743
42.7498679161
15.5681631565
29.4601809978
5.08760499954
12.6306991577
17.8502531052
27.5028400421
6.73568582535
24.9104890823
18.672978878
4.91776394844
6.25796794891
4.87809705734
34.8420159817
15.9203321934
23.5674619675
65.9475889206
16.6705031395
47.4454598427
7.33783888817
25.8047111034
175.397217989
39.7062940598
76.1496400833
170.483738899
108.017270088
14.3130149841
6.40668010712
67.2571599483
35.6851649284
12.1503949165
15.1696109772
9.33652997017
34.7650010586
30.6415400505
190.042184114
8.17871713638
131.46012187
5.85157608986
18.937707901
12.5314209461
87.6961150169
26.6625390053
67.7250981331
72.1438109875
35.5007431507
6.08354115486
9.94411301613
34.9530658722
19.1899518967
47.1513330936
40.4778318405
121.28648901
55.5376148224
12.4878578186
40.1930470467
77.532875061
40.0410737991
8.86612415314
50.1784999371
29.3941750526
8.89885187149
88.7271339893
38.4280278683
22.1884970665
10.8803720474
161.290560961
150.707777023
84.5789041519
17.6554729939
43.7327139378
55.7935681343
51.4292180538
39.4080619812
121.325250149
26.7045879364
90.0140049458
44.6002340317
74.5685801506
23.2009620667
17.8487610817
7.47705721855
31.0432450771
35.7244780064
7.21437382698
112.200639963
434.247819185
28.0902559757
11.8878531456
16.1754310131
51.2358281612
13.2687418461
46.6098458767
30.8002331257
13.1788699627
65.4016311169
50.4800360203
87.4123430252
93.2681369781
50.2061681747
110.972068071
19.9918351173
32.7518148422
7.5263979435
26.7316069603
96.0781259537
8.4291138649
14.2076017857
24.7959051132
48.9781079292
55.3512158394
9.43145799637
60.4968309402
52.0462048054
45.7709670067
43.8151509762
7.7224919796
167.634640932
9.71460819244
13.1669869423
169.35749197
291.976524115
42.6444830894
128.719945908
103.984115839
377.310299158
8.84712100029
15.3232991695
7.83694195747
29.1922771931
36.8381941319
10.8095691204
7.85877990723
17.0542290211
33.56189394
14.9963879585
20.9884650707
7.70783305168
11.3427801132
48.9880480766
21.7436079979
29.6650340557
7.71716189384
301.234454155
26.0141329765
22.7349159718
19.6718900204
13.0950379372
21.6752281189
28.0839290619
14.8783929348
9.65257000923
11.9317028522
18.9681179523
52.7450180054
40.1830580235
25.9588370323
9.95690894127
28.106981039
38.6477279663
29.5658500195
16.8900241852
79.2386529446
11.3840920925
15.142870903
14.10841012
16.6653048992
8.43121409416
22.5068540573
19.4949400425
9.4999730587
12.748595953
13.3377389908
31.3262481689
35.3587579727
34.3037400246
109.896776915
17.4122710228
9.4049448967
10.0217430592
8.86620116234
48.8122630119
111.420372009
14.0343990326
28.0348870754
11.9601588249
127.048159122
8.77801585197
9.46034884453
48.3374240398
19.7834281921
15.4404199123
18.0319771767
15.5285241604
21.3004391193
45.2208929062
41.8382720947
36.18683815
11.95291996
36.5398218632
61.1344499588
28.5188448429
8.82549405098
11.1461229324
12.4513659477
56.4193508625
45.5942668915
36.7375409603
214.420893192
89.3361568451
34.0159869194
44.9894139767
72.3687260151
101.229958057
93.6556568146
10.2573959827
37.5904588699
31.5133049488
9.39334607124
13.3858687878
36.0732190609
84.881196022
10.5219578743
31.7840220928
39.3820669651
58.2238929272
55.9730122089
40.0580399036
17.929847002
10.2012059689
55.6774580479
36.0045161247
13.0027329922
14.6451501846
31.8653929234
29.9020848274
34.0033638477
12.5789091587
65.6377689838
13.5573410988
53.4732351303
83.88438797
19.5769860744
11.9560079575
50.7305848598
25.2301120758
74.3282101154
11.0273079872
26.5776119232
185.277648926
39.9709889889
11.1713368893
9.95686483383
17.5325050354
101.539136171
58.9834601879
13.2018809319
10.4800331593
12.6314179897
128.081304073
76.1320500374
15.0793640614
111.601710081
16.1354100704
35.1376159191
207.471956015
27.6222689152
12.6774220467
10.3244569302
59.6847820282
44.7271518707
104.255275011
11.4625999928
9.59009408951
12.7883660793
9.66486501694
23.9750919342
15.2206149101
143.374995947
24.4914028645
12.261646986
30.6545522213
11.0846850872
212.946583986
193.094578981
26.7028739452
54.347274065
11.3726019859
37.4366879463
130.727571964
11.4314129353
16.2917721272
45.7092700005
10.9162509441
50.3306698799
14.9750268459
105.547761202
78.398113966
31.459952116
103.156097174
45.6526498795
13.577600956
35.0786528587
25.5643670559
48.6881079674
46.4316489697
47.3696808815
16.9641828537
21.2354950905
25.6314198971
14.9330019951
10.2907629013
14.3245611191
260.299522877
14.7696909904
102.88368988
15.2890689373
54.3309860229
25.2177321911
28.9528250694
15.3743238449
22.5621449947
12.6499509811
42.0846672058
32.3907141685
64.8602530956
221.295263052
99.3307981491
16.9005031586
12.4456980228
13.1188519001
12.1738078594
11.4641518593
31.6547608376
47.7050669193
67.1582388878
108.986325026
77.7382190228
23.7717270851
75.8897650242
125.769932032
11.9382269382
14.6228690147
242.865370989
19.429831028
27.3698868752
68.3443491459
68.4208679199
201.98904705
12.2733840942
14.107309103
16.5268418789
77.949450016
16.1977889538
25.7604680061
14.6190469265
18.0936908722
37.8763008118
13.2264270782
15.9421908855
18.3758130074
64.7070810795
57.868473053
30.5159320831
39.2492599487
39.877655983
349.705614805
39.1187119484
13.9995830059
48.8251180649
11.3402171135
106.718242884
12.8885581493
16.9446678162
29.8752398491
61.9935598373
14.9125490189
47.8020009995
14.8822529316
138.602646828
18.7353901863
37.6594390869
12.7642068863
34.732656002
57.9405260086
14.8364880085
147.106962919
11.6656830311
64.3424739838
78.8321290016
14.7688100338
43.002122879
38.4786901474
4.49075913429
0.0800540447235
12.3038389683
109.073717117
14.6434428692
14.6634340286
14.4921050072
29.4554710388
12.7827670574
30.6440229416
24.7248239517
0.262412071228
32.7026290894
